1 1 1 1 1 1 1 1 1 1
1 1 1 1 1 1 1 1 1 1
1 1 1 1 1 1 1 1 1 1
1 1 1 1 1 1 1 1 1 1
1 1 1 1 1 1 1 1 1 1
1 0 0 0 0 0 0 0 0 1
1 0 0 0 0 0 0 0 0 1
1 0 0 0 0 0 0 0 0 1
1 0 0 0 0 0 0 0 0 1
1 1 1 1 1 1 1 1 1 1

0 0 0 0 0 0 0 0 0 0
0 0 0 0 0 0 0 0 0 0
0 0 0 0 0 0 0 0 0 0
0 0 0 0 0 0 0 0 0 0
0 0 0 0 0 0 0 0 0 0
0 0 1 1 1 1 1 1 0 0
0 1 0 0 0 0 0 0 1 0
0 1 0 0 0 0 0 0 1 0
0 0 1 1 1 1 1 1 0 0
1 1 1 1 1 1 1 1 1 1 // z³e wype³nianie czy inicjalizacja zerami?

0 0 0 0 0 0 0 0 0 0
0 0 0 0 0 0 0 0 0 0
0 0 0 0 0 0 0 0 0 0
0 0 0 0 0 0 0 0 0 0
0 0 0 1 1 1 1 0 0 0
0 0 1 1 1 1 1 1 0 0
0 1 0 1 1 1 1 0 1 0
0 1 0 1 1 1 1 0 1 0
0 0 1 1 1 1 1 1 0 0
0 0 0 1 1 1 1 0 0 0

0 0 0 0 1 1 0 0 0 0
0 0 0 0 0 0 0 0 0 0
0 0 0 0 0 0 0 0 0 0
0 0 0 0 1 1 0 0 0 0
0 0 1 0 0 0 0 1 0 0
0 0 0 0 0 0 0 0 0 0
0 1 0 0 0 0 0 0 1 0
0 1 0 0 0 0 0 0 1 0
0 0 0 0 0 0 0 0 0 0
0 0 1 0 0 0 0 1 0 0

0 0 0 0 1 1 0 0 0 0
0 0 0 0 0 0 0 0 0 0
0 0 0 0 0 0 0 0 0 0
0 0 0 0 1 1 0 0 0 0
0 0 1 0 0 0 0 1 0 0
0 0 0 0 0 0 0 0 0 0
0 1 0 0 0 0 0 0 1 0
0 1 0 0 0 0 0 0 1 0
0 0 0 0 0 0 0 0 0 0
0 0 1 0 0 0 0 1 0 0 // powinien wyzerowaæ

/////////////////////////

1 1 1 1 1 1 1 1 1 1
1 1 1 1 1 1 1 1 1 1
1 1 1 1 1 1 1 1 1 1
1 1 1 1 1 1 1 1 1 1
1 1 1 1 1 1 1 1 1 1
1 0 0 0 0 0 0 0 0 1
1 0 0 0 0 0 0 0 0 1
1 0 0 0 0 0 0 0 0 1
1 0 0 0 0 0 0 0 0 1
1 1 1 1 1 1 1 1 1 1

0 0 0 0 0 0 0 0 0 0
0 0 0 0 0 0 0 0 0 0
0 0 0 0 0 0 0 0 0 0
0 0 0 0 0 0 0 0 0 0
0 0 0 0 0 0 0 0 0 0
0 0 1 1 1 1 1 1 0 0
0 1 0 0 0 0 0 0 1 0
0 1 0 0 0 0 0 0 1 0
0 0 1 1 1 1 1 1 0 0
0 0 0 0 0 0 0 0 0 0 // tu s¹ same zera

0 0 0 0 0 0 0 0 0 0
0 0 0 0 0 0 0 0 0 0
0 0 0 0 0 0 0 0 0 0
0 0 0 0 0 0 0 0 0 0
0 0 0 1 1 1 1 0 0 0
0 0 1 1 1 1 1 1 0 0
0 1 0 1 1 1 1 0 1 0
0 1 0 1 1 1 1 0 1 0
0 0 1 1 1 1 1 1 0 0
0 0 0 1 1 1 1 0 0 0

0 0 0 0 1 1 0 0 0 0
0 0 0 0 0 0 0 0 0 0
0 0 0 0 0 0 0 0 0 0
0 0 0 0 1 1 0 0 0 0
0 0 1 0 0 0 0 1 0 0
0 0 0 0 0 0 0 0 0 0
0 1 0 0 0 0 0 0 1 0
0 1 0 0 0 0 0 0 1 0
0 0 0 0 0 0 0 0 0 0
0 0 1 0 0 0 0 1 0 0

0 0 0 0 0 0 0 0 0 0
0 0 0 0 0 0 0 0 0 0
0 0 0 0 0 0 0 0 0 0
0 0 0 0 0 0 0 0 0 0
0 0 0 0 0 0 0 0 0 0
0 0 0 0 0 0 0 0 0 0
0 0 0 0 0 0 0 0 0 0
0 0 0 0 0 0 0 0 0 0
0 0 0 0 0 0 0 0 0 0
0 0 0 0 0 0 0 0 0 0